0.9571801625547425
0.17646117757209578
0.339114636397449
0.20580498927246038
0.42816836428410665
0.2932724768799042
0.46483505732949637
0.882140520525396
0.2955588332005237
0.010466456792412204
0.4481171852335699
0.2832453936163173
0.9293203827332616
0.536045123226741
0.27866046665423483
0.8233172849820638
0.85318238114744
0.3323764194439639
0.4858914352566508
0.9903781644072732
0.955776076203972
0.7451481668505686
0.7384587639279465
0.938170864329378
0.3321592391047341
0.6043268119978364
0.8367613948229337
0.5110740070340486
0.12013493350130267
0.9508380001496866
0.7544239903524365
0.7136632898326885
0.3178446532318244
0.8600691747795209
0.7098293194168064
0.28205306118635176
0.8474372616889394
0.056926326389420856
0.7302625351548171
0.06591225993162686
0.06418482805664705
0.64706090177151
0.8089176429114265
0.38805410516993155
0.5012370497772256
0.8250148619495012
0.5489615020036184
0.41275907195473704
0.8872764185383193
0.8624150280887538
0.13904652506530601
0.824496548140849
0.37765592845053
0.027980704430619285
0.6111081504488824
0.7954698594475005
0.4991725923239806
0.34599130950655543
0.5939782988406751
0.303416231677482
0.5244490335139274
0.26099338151942564
0.19529217467186666
0.3503514117146581
0.8639667846668244
0.3439096108028057
0.2193600005466111
0.5284565575723894
0.5921146275457534
0.1483447929516093
0.6601214828693406
0.6810627068914086
0.40818580863942966
0.20576686182033233
0.2959954675584252
0.11469585150384165
0.17407833959008112
0.9343735894635382
0.2573831277993913
0.9324036363100578
0.6675229588216686
0.9288389332873905
0.6377778364390032
0.5790925465243663
0.3429832291751653
0.6967648508948174
0.5758804764968178
0.6163618652121883
0.7019430616699408
0.41254854974103705
0.7488141571815956
0.07732920778482677
0.340117227395901
0.6705065253758586
0.8854778002984504
0.4911993746281458
0.8611900436917864
0.5364807033501269
0.7342729638503303
0.812836870672675
0.6250089452795032
0.4207840654575201
0.9008839319800198
0.04435980083726643
0.7327287247634681
0.4252264997181562
0.10948645028271864
0.29378061692534385
0.7422233053149068
0.8530939557071122
0.7347055080432414
0.37997761804174335
0.35415202611276375
0.5133370410237239
0.9018380538775265
0.8637878683480061
0.7123878448040617
0.29885808171788786
0.059301897440152684
0.561771018275031
0.02208454779592084
0.2736682999305784
0.6899671631875053
0.18220079208324025
0.9044816014010398
0.16481959780340916
0.746972342223951
0.7120988859771787
0.27961415967642866
0.7223983884593423
0.47482175979093477
0.5796336488613174
0.5964172134302922
0.8845017739373338
0.5080070761372456
0.41796398202831153
0.9142825681851418
0.06399852543017315
0.5270905984027652
0.46461666444316796
0.6809477653703584
0.16001138073026244
0.2961332968042538
0.24474284643135524
0.0486663464072169
0.08943866708419601
0.6055460411731134
0.20710760586202615
0.22392958478907754
0.732467102076974
0.5008876010756663
0.4084242140602631
0.6555793227201728
0.19090952917605997
0.19082863604383982
0.17465224779504274
0.8319724391602147
0.16933513776271536
0.19644566233516447
0.9071369667548996
0.07992803159537154
0.1063416894739736
0.6292049797940569
0.8469749628249266
0.03650778005400468
0.4069524484089718
0.966441049888955
0.6627487083736817
0.3992511441389718
0.757003491508989
0.33082997799703373
0.1847808518909042
0.15130711643088146
0.036519425067773836
0.07430361907001759
0.4733166193844853
0.7049741871038837
0.7914587886871786
0.4170446476385792
0.6785505071280262
0.3104811272779908
0.5718430393419937
0.9986496180475936
0.8271714913404004
0.6364109224341894
0.6991657057140908
0.4612408353896885
0.7531085775249511
0.6439909769195638
0.18711159323901505
0.6032540368311544
0.8794162923470408
0.7495425396113674
0.6069978513259005
0.21782422825153236
0.4537477585904577
0.7977031957493904
0.662982668527614
0.46113675586351344
0.1416206183534061
0.552605921105076
0.12196910712257492
0.48380656017899837
0.5896889368745593
0.2550191650333765
0.5292651489362732
0.10229375729980028
0.6854920908003592
0.29052220025305964
0.8334433445410866
0.48755856276421583
0.7606592371943434
0.16711060578332626
0.6424767585005737
0.20460469559663552
0.9113062119209097
0.8101969687304805
0.33811011280760483
0.44925485415891797
0.9423688598726025
0.6487922519109645
0.6865584140809853
0.9974477999355875
0.18187553706069004
0.08872331568033653
0.9010078361712137
0.20754177042468824
0.5566680907609293
0.7470630257069549
0.33502648518140665
0.3975536807767275
0.8728398913796532
0.25651885449959144
0.11587558560983124
0.05695993698697388
0.20216587054424118
0.5393468884033478
0.06284432614500302
0.6466290950227513
0.6400585126551187
0.19742819502416153
0.17811459823242515
0.19065214479765769
0.4710908516129939
0.06846461680898697
0.846294285616404
0.4702820111214885
0.9548854526664255
0.057821935150996984
0.6336411683617471
0.3928882767280072
0.5281765301657232
0.07136786504082715
0.23913153599506343
0.027779229752938672
0.20810960316905702
0.24672351788169344
0.7169115396292963
0.875938407590337
0.37735147868572105
0.7086665909773346
0.5633006818996877
0.1721676853618227
0.9333405969821097
0.7589951395845819
0.6414008318486681
0.40582521981317465
0.9920161099922965
0.7519812586109872
0.2024968256446601
0.7902907661381737
0.950621570217361
0.9036139437010213
0.4558164159321605
0.11148710403742657
0.7346868713505538
0.9361510076847581
0.23685204129778503
0.2422310533784352
0.4810503118452897
0.7690699911666496
0.3293276886604062
0.6218831686147197
0.7417896649185876
0.43332891121695283
0.9070286000441565
0.16971037824534074
0.5331900622977859
0.007916802189059102
0.3790931448576451
0.42557129630741775
0.19938320675151666
0.6559958773777349
0.6460000697888258
0.19297884272819854
0.11205097321284307
0.772506132016008
0.40336597607608493
0.5972908074476142
0.6855940088825424
0.8459241151560329
0.666801862691072
0.2657236357666303
0.05142370608780811
0.883938095710599
0.13345959253086426
0.28608047297382944
0.005543882964969771
0.15612156381797226
0.34453209279262886
0.707529403098099
0.5203462341005433
0.5662578202797971
0.8678543346419706
0.6094637271753578
0.1945513892250582
0.18278863027861836
0.8808842652786093
0.1834208304289192
0.5044853174144964
0.32792992543723354
0.6017263909450155
0.8482317714089267
0.6153885687938927
0.1543182842108859
0.9894929054026383
0.15001922084082586
0.8132137087764544
0.8226220336984095
0.01518044949754127
0.08635621745193833
0.3253740180896948
0.23437087736514373
0.5903734325480995
0.5378440315066018
0.41316443306310424
0.7713288271560833
0.9334671516968264
0.6905623417365669
0.13908357626353796
0.6460549976936895
0.7517376184250052
0.689290606734455
0.1390432795415627
0.2778674120497009
0.12246673407482966
0.27409426385285374
0.062460109062980274
0.574245374576337
0.36746559959826686
0.821815541801223
0.08248103676451668
0.11977572454348873
0.5327199195356628
0.039203128015655175
0.024103309949292773
0.05306945121509443
0.3085160292160365
0.5358607432307433
0.20970631829248898
0.8466448207834558
0.35528746595297245
0.6428899063573895
0.07952103907569807
0.29559346913082174
0.036555464793765924
0.13704749331759525
0.00882060602142043
0.7679167771973465
0.5027197092641021
0.9804336866746
0.5141232178198443
0.17273958397229872
0.9180880628325938
0.7921718900263578
0.21745647106679367
0.1621788876455933
0.37841697998719437
0.5312368325222825
0.5207398367308343
0.7984652822536855
0.7273672806247334
0.7885326794939453
0.9316003829156491
0.2899858312332497
0.04766256557422932
0.16151845197870052
0.3774438338137136
0.4282360743384246
0.07637038035299204
0.41612293422155233
0.646361402073847
0.04224095187637045
0.17360926888951467
0.5283870786868979
0.3014607958925065
0.12782302385820676
0.7601172197702563
0.24221673574480007
0.029466816742639512
0.3061678093427548
0.33150067643307735
0.4798241281555006
0.40494599410554744
0.9194561410391169
0.25561454924916716
0.7978820540982956
0.47826608580712926
0.3809032695203908
0.5644087602931785
0.09510918938721136
0.42841050510851864
0.3623652224753232
0.8627070089151776
0.9459513926451296
0.7610244094409997
0.02474355440384035
0.2937687262817268
0.26021842424494623
0.17757754743713128
0.7747387252381692
0.2251161425107635
0.44998080199165447
0.29328701393861367
0.9660742587815784
0.9479923969606824
0.9227274549989813
0.8394500469973828
0.5541327421487731
0.21994867385804517
0.5137292860434872
0.8500956285410571
0.9600158211697518
0.9224416753125799
0.4207498709040268
0.6033711348300316
0.3033607182560546
0.4539552061053965
0.31068925607714293
0.7648380098992239
0.7228153740189877
0.7340428487720396
0.5304425181827601
0.26285836014922626
0.7188954910605598
0.8548207609886547
0.7731996461013094
0.9155122676120031
0.3260166172019062
0.48382356994403697
0.12660912894783094
0.7239932100432187
0.44881465960445033
0.09576811712683053
0.16067259125132782
0.049186928439051036
0.8824387515666776
0.9906531172636089
0.6009331479650623
0.5961469945085823
0.37732075320931635
0.8417556402544135
0.17646546875540758
0.24543790403034083
0.6059956173753789
0.20946780917566976
0.4323713351416032
0.2908244274355428
0.042867450851345246
0.05555040794798061
0.6529288083353665
0.5695439628736465
0.5773865587002274
0.7972623017494845
0.5542392783132419
0.3044061037768736
0.14692268865615032
0.8519581205835255
0.0741619833391336
0.2162216403341547
0.7976900468377401
0.9401284719431197
0.4125198801245701
0.6105711662650629
0.36040058450562573
0.6384910704687964
0.45600765885438355
0.6946809416182019
0.36189133794473394
0.8046226387841595
0.8599264229627863
0.33818151837239363
0.8847928905792645
0.5307552660062861
0.3528161108884167
0.85578313661378
0.8343756226393108
0.22674301094652538
0.28025119378244434
0.16040840749206742
0.47503137383108085
0.2808380647875488
0.010510981459520341
0.8120819194834199
0.15841760749461564
0.5017978224170407
0.5875310567150933
0.07088333853204287
0.8811125281285714
0.20697756893668195
0.9354874570250543
0.051528926488293436
0.6816989191132863
0.3884461862926102
0.9945610521586669
0.4726537619201079
0.9155155784705987
0.8627949950426139
0.39887418922233897
0.2956252201952688
0.1298847848004444
0.6901924487766244
0.6952875667027597
0.7557255185635973
0.6034454119786323
0.4343712347451343
0.6456903551295187
0.902799785699825
0.6102908068284394
0.02761527620333104
0.8556119514189705
0.78897277633492
0.122931254517199
0.10344906418346589
0.82842891525216
0.8677963713450768
0.9776714109710665
0.664612994766265
0.5571362446311614
0.00219688183276312
0.49181261587926783
0.8650418383927071
0.9345973099805658
0.7178496674157535
0.14416122588472435
0.501946333823092
0.5883818394419088
0.9841155548941302
0.20864380668016091
0.5377304194295848
0.2277471221101386
0.8564326246739596
0.16540043012185124
0.6013596379675404
0.22801264037128655
0.7720632759123763
0.30454800600333143
0.9549291519611045
0.9715235512890062
0.15535554113711125
0.18487534570584574
0.8535620489180658
0.4145939442650285
0.2591845691078811
0.5130523543049549
0.5754024935365101
0.45626628013930726
0.8459985625026841
0.568505903648679
0.6533497298645009
0.9474180459358272
0.394901024355938
0.5149353262921554
0.0013132250348431018
0.59769288339015
0.010458768512550232
0.8115106568433759
0.6951505513659515
0.6129280793662979
0.10443367876211695
0.46511734419175343
0.14208379635445512
0.6271958903820689
0.2233929914726408
0.04958097316315224
0.25227222948480377
0.38127134080652547
0.10316165274374411
0.2586264002144162
0.012351784990824899
0.6432849279524737
0.14533762117709625
0.25639561319060933
0.5531355364157774
0.06751303090001626
0.031598564950203634
0.24266931335497233
0.4023009257114848
0.04370519562294428
0.11828698203689758
0.4595068560221932
0.11777347743734623
0.10204210175522754
0.5867678368475466
0.3318405159936414
0.9086488305354421
0.10776336482174087
0.0643109182639513
0.556629399923063
0.16787783837762005
0.30470015354707813
0.5757581654309518
0.7334990475930027
0.06457273056602897
0.24839225091993156
0.23799341877978042
0.5643634024432516
0.4736743923027824
0.8071647759929691
0.0672405207596799
0.7403453007781673
0.5568544557421135
0.7034855807825041
0.6334731635689531
0.38138287931968273
0.2509079535533403
0.5181184655522328
0.0667276115019434
0.2972288750978127
0.7685258275944118
0.6860340332495093
0.09686748787027732
0.39812064051041285
0.9712185603857009
0.7757344168359921
0.39135751046045797
0.2992184802565139
0.1352959567433204
0.2625936144782841
0.4448607576845983
0.5349809901362409
0.19918999669607218
0.08201066925363498
0.6699822268039052
0.8279653111712564
0.05404131475119944
0.47961808945418394
0.1402386455416489
0.5411117039521836
0.8193519117324605
0.06348331878702018
0.6443429989314596
0.7833912315233375
0.33164024342888143
0.507186166522424
0.32514948626930507
0.6357661460455082
0.2664169047339545
0.05285070060171326
0.19711289352993433
0.6177327932777681
0.41243277865991823
0.8196551786001991
0.2628737472222782
0.8242870309322409
0.6220334832257824
0.9360391704299811
0.782588685916373
0.1289725853035758
0.8725873549847906
0.6827720547792318
0.48888330680365844
0.47074310253077556
0.6913367759993907
0.15924233828078072
0.18581259977506182
0.5206888864130547
0.9196554691742707
0.4667732738238536
0.2219713745706654
0.9592497071932775
0.42257742521829256
0.04046436005972898
0.7859057994254052
0.18535519790975186
0.8855954145487456
0.5550047348357985
0.8362343816795712
0.5260049271542797
0.28311063553648463
0.780099177907191
0.7493942648836995
0.9181205490068494
0.9515468273743647
0.867592856611206
0.4446874870744352
0.5940721249172962
0.45502627405675455
0.8150764563985062
0.8293087267884136
0.5181022172609538
0.592636643002757
0.26969831034758773
0.8952942756659774
0.19294036377317303
0.9637012763093622
0.4111057999406854
0.695839835344393
0.9842217350312141
0.4810982105357643
0.38388339175245345
0.7301924205650998
0.2948939200494507
0.10255563205802665
0.6375501698729502
0.9743295474516015
0.762615622943102
0.8359846926731566
0.5761245489700563
0.9088964891144091
0.1502221958222677
0.7672934370817001
0.11946018346299714
0.4163805394731682
0.7526522354568373
0.45775782152194133
0.13500103512505168
0.3462588377678062
0.9533010465244007
0.562909770649001
0.21130019095461672
0.8798640859159685
0.028585570923924997
0.9360334275978779
0.9135912391524339
0.565970259849233
0.42157716745709883
0.7967452350110742
0.4868974179777754
0.043608561655796185
0.48387778140907367
0.768765013963483
0.9536076562619609
0.020381264185417303
0.11948629286898704
0.7208688048710409
0.6901456729738218
0.032549060134420604
0.8552211676057392
0.3811465468639791
0.8613019101454036
0.8774255219838366
0.609336963368405
0.6370708306063887
0.5409946014731204
0.3791198157740062
0.8332913568696578
0.28251568265141
0.954671093748632
0.32542663562222196
0.7611908015969703
0.7277469251588506
0.04125578571209498
0.9966705563355398
0.21726244224803282
0.8495388184252088
0.45149657994655523
0.6965692079272803
0.8037704931371885
0.7259543474001235
0.17475706630776155
0.09068797427784403
0.3201157879793203
0.4739590744207358
0.21774662109699106
0.9598161777222393
0.9484270756835725
0.7879219620652638
0.14637634722382542
0.1836036738118193
0.08177346560579124
0.06318846891420149
0.8458739707678684
0.3840527222180601
0.6681973534704824
0.18129500908250074
0.554485791359847
0.6789698199593972
0.5970876014907236
0.13202572895161901
0.08253973485513089
0.42223866967618073
0.9639830623378893
0.6523961572720769
0.14133812248296784
0.6407835706403637
0.015716979862010816
0.9737806474929122
0.8752948120456131
0.11735063933904666
0.19988271418698622
0.585783590955116
0.015926022790085592
0.7137418831749865
0.020922085316492756
0.6490866761479831
0.5577500637870337
0.580894652512817
0.33970760464581484
0.3193882079421566
0.4938459171368784
0.3602075601587661
0.34430995125853714
0.7806824182267089
0.9427665066641514
0.3447709458885647
0.6667132181706368
0.22851007394532574
0.9486973343872412
0.8396681633501473
0.02355969273337355
0.3924439720499875
0.3431967492996132
0.6372721556694517
0.31857703011548166
0.44195659186339786
0.31954927848056625
0.6064686381757719
0.36016061911993036
0.28094876689206316
0.7897089741291241
0.8839959851920073
0.2196543795798518
0.30360253843429497
0.16900468791172285
0.05159927004352538
0.7841935145710333
0.6578524317193201
0.9652247830270136
0.9844536065653796
0.24254312199437578
0.9426540616258267
0.4363942299566522
0.7643200758382808
0.08318670599423317
0.051360017098605604
0.6255017973498943
0.1651552293916526
0.680989010925871
0.5658973500527668
0.28063090321920425
0.7394027227993702
0.7020781993651181
0.7050725367455681
0.5253928603657132
0.4599538859254224
0.36616221258780446
0.3352134791952004
0.657256344654844
0.20577150283778078
0.07131484106470454
0.9624903800540693
0.12031251656905217
0.11842885828514449
0.008337073900964054
0.9436406001916542
0.5242103966032418
0.002324461942686429
0.17012006070424313
0.3754546887370236
0.5624423699808181
0.49308978962386596
0.5960056295467169
0.25326477481626763
0.8208550758545351
0.6767159817673135
0.7819612936900672
0.5248078838412787
0.7612063610116283
0.20618291232243513
0.934456648482702
0.6082207043699038
0.6147840606970187
0.7328818459885271
0.14924833451801367
0.7915547715430159
0.5275475416352917
0.6468806213773152
0.6558512641568778
0.6860833953241378
0.060949247752985825
0.7030885430155502
0.9842939500180434
0.5668053767333784
0.07153703827440128
0.09963546096764786
0.28282623638113036
9.324192299530187E-4
0.06763536789060565
0.9702874874649173
0.04356784707639849
0.6387807465362949
0.37284708761824403
0.05448007274865896
0.1776565820043613
0.4213696681690534
0.8138139522482409
0.5165558449218487
0.7222755103204375
0.7451629696257532
0.19361887202794592
0.5000540769985012
0.4590082870701323
0.316771898181171
0.5124080027375377
0.023404798867336707
0.37629278822665
0.5290707354408766
0.7532567938798991
0.25013938301156624
0.21831271093891402
0.19505966975043432
0.0639985463029834
0.9997370858521651
0.32848792940150606
0.3869415972096726
0.334680146470388
0.6044847732054879
0.6177939240512428
0.9452631954732156
0.49550434534787824
0.8632343919279926
0.7664618208357706
0.9466022256269039
0.34156361966678384
0.8947016969191249
0.7021798522043484
0.048167307487547606
0.32836596595615886
0.15095629485568707
0.9887381820360044
0.16380788415217462
0.5760978139950617
0.7160117681914578
0.006129072515589029
0.36831586852201736
0.27076549867176036
0.28493199330155783
0.7064344742844606
0.2755324947300706
0.7568009405786904
0.8956277619376556
0.2894039178784177
0.3906575485715801
0.8784132601248245
0.5685256954283855
0.35744522677703605
0.09829023432580264
0.5459132456970985
0.49854898279185744
0.9818216382266679
0.015113909456392016
0.07843249459496093
0.33935748178660097
0.6401686655503548
0.40977038125547816
0.6059049573991528
0.4215526892742181
0.17001444677623756
0.2723510263671115
0.7008735155595757
0.4545604031538073
0.7238081159796446
0.40206618034109876
0.4546294494020491
0.37616235069421133
0.20803008780124999
0.5740359984346967
0.41238861179127906
0.5341552780507064
0.8422794894415802
0.44477928940721567
0.1386525463709204
0.3113742480843885
0.2838037466631895
0.3608597040880218
0.6965987184681334
0.6383244646716857
0.22875560221743274
0.6462810157335943
0.9942893752369193
0.5769237255678095
0.523533154716928
0.26160672855424516
0.7756832151136528
0.3043657962866434
0.5978794493439873
0.9514113759896003
0.01588012623333379
0.3778721191656007
