1
11779
17
34992
544304
19973
36521
1368
6
178
29
7154
1470
9356
9639651
2897066
28742
106
173
1373890
14849
781954
1284725
1484254
1665795
150804
355
1597
690
11457286
129793
1266
281172
14435783
2748283
11568216
23793123
5755545
2083875
306927
5353
15499
1
6477
12905
892129
648314
3218912
7179
26916
1316
2858
8647
19684
149591
982
680084
19864
6008
5940
2608983
46434
8580
3235
105354
3751
96016
53111
75985
1686
807791
38752
7530
5117234
1518444
330012
7974
2828
2354875
5629
14013
324
6940513
1312704
77693
9273067
691
1146
261552
45977
12978
67897
174202
317
1267
1432
749
45976
124401
20858
113561
1320530
704142
5110352
100245
18371429
75216
8913198
3482
179217
17686
3572
353
125
25291
2
445
102810
3576
1377
1458
8818
1591
793877
271674
51008
57015
254652
1206
129390
89207
49950
1970
735637
26296882
2538
60144184
1112628
2120
932101
202340
953708
638917
1062177
13217
90023
1606
1534
3691813
227633
4961818
4800
41228982
1909
77540
2795
1663
192786
4063771
127782
162779061
25483
49779
7087
3511
964
22380423
790334
1623633
50793198
249366
982960
217951320
120753
2217570
28419
167
7264072
119027
125191
8127
2993385
3415
6529
110613
35566505
330
13746
21057233
3559538
2572345
19971
133
329004
1309
14792401
1774997
69405
1798286
97714
19670
2659903
1778
991
12183022
5115995
183949
9790274
46238
51944
397405
17070
24349
366
1066
2317
8984648
3574
508030
2839
401058382
20593104
426
2859
5340
1572
69055768
5062
41045
745181
57300
83325
864
3814
1084492
4764
79762
763380
937220
251037
849399
36069
101962
11826010
24435340
11075
111691
240881
1215
14552333
5069
33864
8373
602145
1797
1632
1366
57900
193
2711323
353
57111
514
7817
12301317
107
362660
18572461
127
1683329
274456
69511
949444
4919
577679
32950
180484
1533875
639
252986
2717950
1086523
14298
1713
34138
1788
139702
29432
25868
334392
4786932
65637
9765
1169165
166188
149790
6877426
256136
901084
181370
11940
359676
17354921
162053
479
181869
2802
20221
1193
45396608
292
144
6298
153215
14923
201
27
14031582
704542
2165987
5663864
3242
2592
9074509
20451
944
1267
7947
2191
8774
5076907
438674
129
4256
130454
3929
7
818882
3101
938034
1827880
467089
1818
7803544
336
3657216
329689
13508
909368
439586
18933938
825527
533900
815
35068
55233
279668
16057
171
409409
1721849
4120
25
2257
210224
64285
190585
1897326
9584951
19314
1353090
225
59474
14467
176806
554
1904108
84171
567737
880
105631
2
34
304
445
270
13
54
1102
874978
794
18678
68
141
999398
31321199
5207191
27203492
523582
13967605
407
61133
80884
4966
3366
1335
1366
3369
503584
34910461
62990
777
1484
19886
1365
4079
560851
94806
160431
751
36
80365
93361
954531
103884
5201
1062667
1154
714
914
12
321
99
14276
1324
873
4946
195
861501
1160
447
1561
2711
48274847
1912079
1452
36884
1171710
1389
31125
29842
137983
13395
54657
1386
1107823
2979
7801
850819
78
3864
34185
96
8222
860394
1158
2412367
61458
3550
2796243
1120
722
1197
400942
31392
35224
55373304
2086
1763050
57573
255
642
0
367511
122844
648
150030
5726372
197007
30731
76749
70510
13890565
10537
986346
32979159
6539073
371791
355079
31770
3
466681
2237045
101454
5432
11427331
619559
9332
548572
662913
913110
19233
320
38377524
893459
1849014
174561
110464
18982295
808
414031
1311
2950
7537
18822
42136
3825
309
1028
276692
100077
542
17763
64815
4313
7007
24910
13149
46261
124225
95192
479069
71760
38106
86
333999
660335
345930
680
1307141
13330
77612
359
1059620
13523873
1
11099
2016
455536
86722
344548
3608318
5062619
84100
1904839
70000
34344
935282
1200
628120
12823626
1005861
13031367
674
24103
6311
1325
1659132
2817
39455
86440
660
16917
642325
134748
13235
13415434
1308373
32023177
50435
367100
17170
36852
159876
28318
43248
190
1385
465720
13233
342337
1657548
20696
33103
200
137736
78071
454191
5869
2035306
31
79186
9207
38696
49842
29117073
29783
84038
84075
145674
10651460
56
21736
85457
6
188435
52020
20938
44325145
70430633
124590
4856432
162871522
19739836
649293
25443
2884
112246
3784392
247098
19202
257337
40874168
173756
2921
4569674
406501
63561
65031
933
928153
433672
1171
158448
46766152
6756
204820
4609
540
301010
22041202
37203223
2228124
19467
4050
7614
1274
3580
5363
440
8083
76952
1930
1107380
37999
218
3231
8815
774795
131905
7330
2523
323076
1203
18140
13389
1929
575
248
1659559
12
44
101
1688
629
49243260
251
1795
421
96455
114610
2337569
15660
493
4902
371
2541
351
39194
136630874
42111
72901
9676886
105978
71160
174108
1738
1729
1849
110080
1218
5033
7762889
95580
1460
61690
22435
483146
18691
158597382
1842074
28735084
843
6129
52
413
3233
179
981541
14434
216797
131264
1881
6583
193085
12999031
202663
218
1189697
5775
23500
9140
236
4132
21665
44
495
185391
172361
130
480
291
3664
66778
2906
21
13064
2940760
1608991
663084
8850854
880740
952
92932
25347584
169711
399
51157
284218
2748
260
187904
4318
366
774
81388
8162
465
144814
298437477
44553
665421
22312
1333
64455877
63675070
57409
3291
2151577
40699
664682
2557
937158
10403
2204
190882
23524842
6992580
10346976
755375
105825
432017
4499842
15
421
15
5725
1215
14444
9660
2713
10141
6568
19398
10053
2302731
585
9402
75600524
45743
166759
890985
2592
217
8106
142
4794
379426
114163
11135
497
1161706
1
31
1274
208973
14631
8951
42580
531
42358
2181996
3462
88744
143197
19521
1813
437
835159
433123
36523071
11630
4962
9056
323233
788
33162
679098
165715
271792
546244
308899
3886
73840
549404
17632
28896
169687
41463
33
367423
371052
236805
3597604
11161
38444527
102586
7230458
26220613
26413
1129390
178135
2594207
1333
655343
8729
3179785
9656
1078442
869
92403
8696
177
5689
1361695
1013
53559
539
647923
1733
14690
60842
31384
1706
1635970
4124
1571028
124459
52641
408
45231
148
2991
46934
705
11299
6655
15376
51088
700458
28178
52141
407538
4202
105519
8293
54445
729581
1086
45790
102820
172689
60327641
739406
231842
152615
6318
17626
23203
3498
5147
342962
109464
596001
5901
3618
321
55729
1038921
12863
1272
187567
4620
884628
3517
9067
9101849
1070
22
2520
431
78
150
1576
3849
6212
893
16405
410
27972
34871
3628
263
77
121684
3095728
3555
224871
13336
11800817
594
287816
509742
884
775
39138
225
19012
141205
17238466
9411
320
37
114
234984
4838
285075
8394176
74370
3085
4435
11296
101
5881
48757797
8278240
1529221
67635
25943
37313576
850103
5438
154
34171071
17957072
2495
8505
1549
8007
7322
799
2566
8448
18376
513806
111
317767
340
18863
269921
15773
166091
736690
114184
241948
79521
228468
262665
2288
931
332
310
5084
1883
129456
13353604
19068
47746
63919
162
90931
80267
598
16468
887
2010
13394467
243773
972426
1007
77415132
124876
572187
60709
78909
837351
2760
39987
114175
13280
2146
12011
3373
4139
5434
17176330
475
7560
5013006
1095
3174
768209
81
14323
9714
8134
229
52
2265475
12221478
3794
24352317
105968
441
1161943
1859
78311
249779
474323
124845
3145
7463533
20111
108073
28994
27373
26076
119710
428
489
2103341
23769
79263
34603
235
1102704
14138311
603487
247
7680560
27076
8291893
839
356931
199
318765
9851
45065
202
7797
1749
125105
84526
6822
177154
20494505
625476
19493
2677
58906
13513
158
1968
676
6944
2154
2828123
1640
2509517
78313
3547622
3587
6330509
3204776
41409
54013
1870703
2086
328783
2578190
648827
432
4540
7717
8052
2738
50059
55346
87983
252466
626411
28333232
120
651
100
33302
16042
675975
1179
2127
513221
1346619
85011
50
126268
478816
66794
4144
22193
3410
10799
13797
11876
264
1331
1002124
321077
191
1649668
2050
464249
16777
3166
178964
2846
4930
222
12265
9
175005
10647881
1935047
642
4140
1154
21012
378663
3208
99
43964330
1619
2035
35
997493
43246
47764
1199172
78145
1703251
979167
351
1091
26346
16533
22491
660
1221
7667
168
481
30118390
32911
6999
56057
34644
5687
36692
5048
4515
37767
153398
615711
3739
198
55860
50396
334538
10
1896
940
3695
3076
11380508
10816
414
489
173356
629
31749
303588
204
13870
825320
1225
22625
27056
929
162725
4321
4650
813
46070753
17524
5871
1206
1110618
9191014
6726202
10666
3653
7436
1715126
13908
230974
6810
222679
1053931
6172
945336
2255018
8735873
5873289
6273
2646
9783
955
82828
270
16212
14610729
356919
1980034
4697
869854
6777
36259
136981
1340414
489502
980269
19488
16768109
1948838
227594
34401
76140
3122
9
1016
689961
249889
3069
3514
251519
1523
9701
5028
2
1057
1506
1137719
58953
6703
617022
21863
93517
52416
941
57172
24351
1013269
18105
24373
2154
49414
54461553
14922
24
373407
154808
988284
86996
1211202
628586
6953
1808
600
1318855
7313
19420
7209830
69203
654137
14020
36
8933
3837
126891
43700
2104708
114505
49611650
276893
347527
13856869
14471
5320
1170
15643
9861
10078
993
868618
25041
1165843
193467
372795215
13549854
46970
694763
2108
162780
976123
13058
9541
785930
7768
5800
25596
1494
93680
647630
918212
1668
362
71822
592
15700
412051
190
17927
2225
5489
2219515
50436
177464
787477
5206
887
2962
2800
29483
8001
119394
3699
140870
13058
18477
53714
23615
694184
226
169
2
119427
306099
148590
1388
40625
11931574
2503
3440
31562
13439
31726
154
707
9777
23
5422
3188
55606
7326
200885
365
5375
2115
3018036
37682
284229
118600
7810
980
103171
10970
86862
93640
11796038
5611
9555956
161792244
6141
75330
2415
315328
31335
574677
340939
57113
24273
32222
872
67
1072746
852
32495
5277
5554
703653
298626
270908
45824
453
6366
59
263989
12067
5693
1345
259100
51
1966
2006
497
199
1594
1579
23076
497
5359
18683
3863
1394
896
1049
3617
615
5938
100
1018
1296
4156
350
306
500
2611
1347
11750
2398
4728
9
94944
90756
69990
175465
29122
67572
19078
2444
34785
58377
739698
1927
10927
420
1582
286720
443521
103859
15174642
27859
1967
24835
10993
6746
188
250190
3676
1301
2336
852
59893
7060096
2031
1008
1013
4596
237
751
44636
17114
46244
135262
1264
73966
124356
143755
299
20135
12286
4514
62688
0
14073
245592
128373
1020629
11233
749155
4106232
87939
3
6531
546599
80962
11578
708541
16899
50542
492903
1208417
77
63715
438516
133
25909
863577
7128
757
38687
1529
3615
889
789
788
236
950
3408
471
190
886
902
1600
491
59701
8235584
11298
241324
46331121
2525
101
3199
3175
1328
255
3772
514
398
1492
645
1143
595
513
1441
321
10
21
2209
273785
4534070
76519
68938
10008
3243
21020
6372
21069
1
3008800
459
105931
58353
688251
1370
68
566808
3416
22657
94169
4397
1021013
37036
5837
656184
122667
71684765
1625833
12867973
17347
498
41901
292821
569017
16
10230
612
627
109398
11652
27976
274040
3689471
1020837
826
184937
49831
12021
312421
431194
1375
1275664
2169
93004
263177
85004
792
81
749521
13
2401
182641
3731
63
1131
1188
892
13262186
606825
508186
20897323
2019358
276119
141409
83946465
3327347
25894716
59357615
506337
115698
370828
52474
11107
9844
3951
5206
57
1152
25863
3696
137470
229
378095
18877
81543979
16554
354575
55
26256819
27931
2807
148326
5427
10128
4307
197455
96672
403
114178
4229
76566
11057
360058
562426
20
692526
11029
35354
151718
619978
746
8948
216
106530
1755469
378184
36457
947103
34
22746442
5142
70815
189421
52
980
15089931
7874357
1837
588
4894
3581
142
2518476
4474
218113
20097
5497
112444
482536
11532
375090
1499
35252
984291
30933
11802737
65347
69170
0
77140
5494802
79208
241322
366031
134020
25967
16675
3089276
252477
20648733
2535
1
117865
4078
1320653
20178
9733
2601
189
83739
35957
3517
19935893
64291
315644
19
1018
8838
910
313
3361
41415
70828
29747
157218
182192
15285
608232
303875
792
857113
16291
151
1979409
21175007
1989208
33007
1868
19312
18545
1075
958877
15886
747
6012
48776
428
6230
936292
74175
9075
20051
1448556
54704
64919
1505
1519860
506
193750
478
155608
5536
15679
989
72896
33719
694711
80360
9650402
222074
2871
296174
323634
172676
1412924
309136
34756
3845
200008
5057
1317
778872
86524
558
527981
72910
370795
43785
947160
215
1551
58
33717320
1266417
112185
4844
135
303401
91824
29331
158
24543659
71311746
32910
73929
106594
20
1945
545646
547508
1339
344
5406
827
9638
14089
15359
504548